0.2181633000
0.1022532000
0.0684151100
0.0444920200
0.0304839200
0.0233163400
0.0229893000
0.0279802600
0.0382892300
0.0556799700
0.0801524900
0.0568516800
0.0979638800
0.2145511000
0.1166580000
0.0572348500
0.0362817100
0.0243591100
0.0214670800
0.0237587900
0.0312342600
0.0413773000
0.0541879100
0.0289254400
0.0391673800
0.2138712000
0.2181633000
0.1996688000
0.0783441600
0.0465770400
0.0280027500
0.0226212900
0.0231592300
0.0296165800
0.0375797700
0.0470488000
0.0232001100
0.0289134500
0.1266340000
0.1022532000
0.2145511000
0.1977577000
0.1002051000
0.0440973400
0.0294343300
0.0245896000
0.0295631700
0.0353247300
0.0418742800
0.0191327400
0.0219239700
0.0736570100
0.0684151100
0.1166580000
0.1996688000
0.1971660000
0.0726428800
0.0419062000
0.0280499100
0.0310740400
0.0346121900
0.0386643700
0.0167233400
0.0181989400
0.0549401200
0.0444920200
0.0572348500
0.0783441600
0.1977577000
0.2086027000
0.0973903500
0.0396149700
0.0352765300
0.0336513300
0.0347393800
0.0141210200
0.0146404000
0.0401156800
0.0304839200
0.0362817100
0.0465770400
0.1002051000
0.1971660000
0.1958868000
0.0592847800
0.0421706400
0.0324421500
0.0300993100
0.0113258000
0.0112483400
0.0291836700
0.0233163400
0.0243591100
0.0280027500
0.0440973400
0.0726428800
0.2086027000
0.1953105000
0.1022381000
0.0495462500
0.0372348500
0.0116767900
0.0106110300
0.0248744400
0.0229893000
0.0214670800
0.0226212900
0.0294343300
0.0419062000
0.0973903500
0.1958868000
0.2154790000
0.0849636400
0.0561460000
0.0151739900
0.0127284800
0.0271879600
0.0279802600
0.0237587900
0.0231592300
0.0245896000
0.0280499100
0.0396149700
0.0592847800
0.1953105000
0.2083489000
0.1150228000
0.0240452500
0.0184245800
0.0358236400
0.0382892300
0.0312342600
0.0296165800
0.0295631700
0.0310740400
0.0352765300
0.0421706400
0.1022381000
0.2154790000
0.2138651000
0.0382905800
0.0276993300
0.0507814900
0.0556799700
0.0413773000
0.0375797700
0.0353247300
0.0346121900
0.0336513300
0.0324421500
0.0495462500
0.0849636400
0.2083489000
0.0989028000
0.0572963800
0.0804877900
0.0801524900
0.0541879100
0.0470488000
0.0418742800
0.0386643700
0.0347393800
0.0300993100
0.0372348500
0.0561460000
0.1150228000
0.2138651000
0.1072157000
0.1249425000
0.0568516800
0.0289254400
0.0232001100
0.0191327400
0.0167233400
0.0141210200
0.0113258000
0.0116767900
0.0151739900
0.0240452500
0.0382905800
0.0989028000
0.1069788000
0.0979638800
0.0391673800
0.0289134500
0.0219239700
0.0181989400
0.0146404000
0.0112483400
0.0106110300
0.0127284800
0.0184245800
0.0276993300
0.0572963800
0.1072157000
0.2138712000
0.1266340000
0.0736570100
0.0549401200
0.0401156800
0.0291836700
0.0248744400
0.0271879600
0.0358236400
0.0507814900
0.0804877900
0.1249425000
0.1069788000