0.07260
0.03980
0.03080
0.02260
0.02050
0.01880
0.01880
0.01980
0.02090
0.02740
0.02770
0.04710
0.06580
0.07070
0.04880
0.02910
0.02480
0.02090
0.01970
0.01850
0.01860
0.02060
0.02080
0.02740
0.03420
0.06680
0.07250
0.06870
0.03530
0.02910
0.02280
0.02040
0.01870
0.01860
0.02020
0.02030
0.02500
0.02920
0.04780
0.04050
0.07150
0.06830
0.04950
0.03120
0.02550
0.02060
0.01950
0.01930
0.01930
0.02110
0.02290
0.03090
0.03110
0.04860
0.06850
0.07060
0.03930
0.03020
0.02250
0.02050
0.01870
0.01860
0.01880
0.01950
0.02450
0.02240
0.02860
0.03500
0.06760
0.07090
0.04790
0.02810
0.02420
0.01960
0.01870
0.01810
0.01810
0.01960
0.02070
0.02430
0.02840
0.04740
0.07080
0.06740
0.03440
0.02790
0.02130
0.02120
0.01830
0.01800
0.01890
0.01890
0.02030
0.02230
0.03020
0.03910
0.07090
0.06590
0.04670
0.02760
0.02740
0.02090
0.01920
0.01870
0.01870
0.01900
0.02010
0.02470
0.03000
0.04780
0.06760
0.07020
0.03520
0.03490
0.02350
0.02080
0.01900
0.01950
0.01840
0.01840
0.01990
0.02240
0.02860
0.03440
0.06720
0.05900
0.05820
0.03160
0.02550
0.02110
0.02070
0.01850
0.01830
0.01890
0.02040
0.02430
0.02810
0.04640
0.06830
0.08420
0.03820
0.03040
0.02290
0.02570
0.01980
0.01840
0.01730
0.01720
0.01830
0.01970
0.02480
0.03110
0.05410
0.07720
0.05370
0.03140
0.02410
0.01920
0.01810
0.01710
0.01710
0.01790
0.01930
0.02440
0.03190
0.05450
0.07970
0.05410
0.03300
0.04490
0.02670
0.02300
0.01920
0.01790
0.01720
0.01750
0.01920
0.02210
0.02980
0.03740
0.08130
0.06520
0.06240
0.03220
0.02640
0.02060
0.01860
0.01690
0.01660
0.01760
0.01950
0.02420
0.02910
0.05580
0.05610
0.06280
0.04440
0.02760
0.02300
0.01860
0.01770
0.01740
0.01820
0.02040
0.02230
0.03330
0.03270
0.06540